2 67 142
1 70 167
1 66 150
2 71 142
1 75 185
1 75 240
2 67 120
2 62 140
1 72 210
2 62 140
2 64 120
2 64 112
2 63 110
2 66 113
1 71 174
2 63 120
2 72 240
2 64 130
1 76 185
2 65 115
2 64 115
2 64 115
2 67 130
2 71 165
2 67 116
2 61 106
1 71 155
1 78 190
1 68 190
2 60 118
2 65 119
2 67 140
2 65 130
1 65 147
2 68 125
2 74 130
1 69 155
1 72 215
2 69 150
2 68 130
2 62 105
2 64 97
2 65 140
2 64 135
2 63 145
2 66 140
1 79 210
2 67 145
2 62 130
1 71 152
2 64 138
1 72 145
1 71 162
2 65 135
2 65 133
2 57 125
2 67 140
2 61 95
1 72 160
2 65 115
2 62 147
1 73 205
2 64 140
2 63 134
1 75 225
2 67 145
1 73 160
2 68 122
2 66 115
1 73 165
2 60 110
2 68 165
1 65 150
2 63 112
1 74 280
2 61 110
2 71 127
1 67 145
2 63 120
2 63 123
2 69 175
2 66 128
1 73 165
1 71 150
2 67 125
2 64 125
2 63 115
2 69 125
1 67 125
2 65 135
2 60 113
2 64 107
2 66 125
1 74 180
2 67 140
1 79 165
1 73 155
2 69 145
2 68 110
1 70 195